 Numbers  in origional order:
38
719
238
437
855
797
365
285
450
612
853
100
142
281
537
921
945
285
997
680
976
891
655
906
457
323
881
240
725
278
446
590
840
587
907
237
611
617
456
867
533
878
223
887
597
584
212
111
578
66
629
404
279
505
388
649
329
176
331
264
114
136
928
102
652
404
337
856
598
772
97
213
683
703
260
942
747
375
871
4
673
152
819
504
239
186
804
937
23
335
533
393
20
574
983
961
624
65
569
830
167
236
249
636
619
727
700
323
922
774
811
62
565
191
119
747
50
620
334
968
524
577
46
531
458
272
530
134
581
435
667
160
814
642
976
527
823
94
768
244
824
21
807
296
726
263
640
62
47
80
747
328
113
183
759
743
891
494
361
133
572
651
254
470
19
974
821
822
910
452
248
156
911
475
436
719
388
255
447
840
854
493
755
841
204
167
816
556
1
927
214
551
83
279
674
846
14
799
665
537
560
952
875
360
86
850
522
733
455
257
468
97
775
141
940
177
743
281
616
122
147
612
391
523
132
695
65
306
175
879
27
233
53
947
482
162
701
744
456
745
591
859
814
313
794
654
65
18
577
783
888
594
208
405
676
497
334
477
120
25
630
252
372
245
966
61
157
489
859
110
575
940
364
926
693
897
415
89
992
660
81
896
311
979
978
354
958
698
136
703
258
643
723
383
803
526
9
190
475
502
578
251
854
884
102
754
35
952
54
782
298
637
1
115
126
517
232
323
532
965
588
726
453
193
478
88
529
267
727
894
572
752
857
361
910
619
806
910
93
207
112
493
126
335
912
905
364
840
426
63
336
610
801
330
937
402
135
71
701
508
192
540
609
719
680
518
998
801
234
236
77
621
203
870
101
449
222
2
314
581
536
679
711
561
487
339
199
695
687
851
113
65
149
466
234
579
943
387
551
92
516
538
291
314
392
608
950
684
403
341
751
691
451
932
411
291
958
313
823
654
36
605
194
67
100
742
654
205
295
984
641
6
378
593
759
102
960
596
42
591
295
900
548
659
273
395
60
47
822
779
808
25
72
861
18
721
919
945
102
860
62
749
211
599
382
681
64
962
633
770
920
266
570
621
529
827
91
303
226
158
287
539
19
784
897
35
833
779
844
154
298
505
325
706
381
933
614
122
46
797
125
722
769
349
964
417
77
5
673
471
811
31
697
359
807
297
297
663
990
2
877
419
752
794
308
462
913
690
604
899
802
207
594
164
413
25
581
240
601
161
540
602
666
314
156
512
781
630
806
329
554
764
689
290
539
777
524
819
972
326
871
573
988
952
650
159
83
557
821
242
300
493
354
521
509
503
904
5
108
7
642
344
693
988
712
288
681
966
163
391
369
607
70
600
515
257
652
660
884
521
221
847
327
59
837
172
5
407
246
352
213
578
772
533
446
367
513
741
299
799
331
147
782
847
923
780
320
738
872
435
631
270
843
446
929
379
83
851
153
841
852
799
776
729
308
912
333
911
726
873
232
878
187
478
835
669
517
577
594
705
333
444
709
467
888
704
611
667
174
206
129
237
156
331
36
467
882
81
211
707
814
252
113
731
266
594
793
10
468
727
90
632
741
463
445
857
621
21
133
533
941
308
55
36
28
436
721
729
806
760
344
388
609
341
597
580
858
357
792
349
296
469
815
222
15
156
576
190
136
997
278
49
127
46
849
757
334
570
121
682
608
20
635
361
471
181
133
347
698
448
143
478
49
12
34
572
59
770
710
300
131
503
622
213
462
428
911
464
840
229
10
118
800
358
933
114
433
244
888
343
506
739
262
733
144
836
803
936
457
210
630
866
133
453
999
419
121
118
282
766
612
340
188
293
574
318
957
215
749
42
127
809
681
150
47
763
827
621
201
37
546
500
224
273
734
653
798
290
496
364
105
350
313
104
784
624
106
332
532
473
884
519
834
216
609
256
191
527
947
318
333
752
572
480
558
824
893
488
366
843
195
765
702
680
439
993
877
222
20
256
194
311
526
426
16
660
122
987
873
529
880
385
558
427
768
181
101
527
868
774
141
20
42
346
798
68
86
911
108
359
389
457
118
929
36
949
241
701
266
389
371
586
907
476
29
797
583
685
736
7
818
367
51
232
541
180
763
835
413
802
373
4
267
265
352
840
532
78
335
60
538
863
141
57
370
288
921
526
679
726
445
430
663
90
281
44
716
528
605
612
182
577
895
52
160
822
586
99
808
238
376
384
650
233
744
846
679
717
435
743
402
393
388
511
459
737
343
418
736
937
740
880
985
653
83
327
554
929
449
74
Number in the right  order:
1
1
2
2
4
4
5
5
5
6
7
7
9
10
10
12
14
15
16
18
18
19
19
20
20
20
20
21
21
23
25
25
25
27
28
29
31
34
35
35
36
36
36
36
37
38
42
42
42
44
46
46
46
47
47
47
49
49
50
51
52
53
54
55
57
59
59
60
60
61
62
62
62
63
64
65
65
65
65
66
67
68
70
71
72
74
77
77
78
80
81
81
83
83
83
83
86
86
88
89
90
90
91
92
93
94
97
97
99
100
100
101
101
102
102
102
102
104
105
106
108
108
110
111
112
113
113
113
114
114
115
118
118
118
119
120
121
121
122
122
122
125
126
126
127
127
129
131
132
133
133
133
133
134
135
136
136
136
141
141
141
142
143
144
147
147
149
150
152
153
154
156
156
156
156
157
158
159
160
160
161
162
163
164
167
167
172
174
175
176
177
180
181
181
182
183
186
187
188
190
190
191
191
192
193
194
194
195
199
201
203
204
205
206
207
207
208
210
211
211
212
213
213
213
214
215
216
221
222
222
222
223
224
226
229
232
232
232
233
233
234
234
236
236
237
237
238
238
239
240
240
241
242
244
244
245
246
248
249
251
252
252
254
255
256
256
257
257
258
260
262
263
264
265
266
266
266
267
267
270
272
273
273
278
278
279
279
281
281
281
282
285
285
287
288
288
290
290
291
291
293
295
295
296
296
297
297
298
298
299
300
300
303
306
308
308
308
311
311
313
313
313
314
314
314
318
318
320
323
323
323
325
326
327
327
328
329
329
330
331
331
331
332
333
333
333
334
334
334
335
335
335
336
337
339
340
341
341
343
343
344
344
346
347
349
349
350
352
352
354
354
357
358
359
359
360
361
361
361
364
364
364
365
366
367
367
369
370
371
372
373
375
376
378
379
381
382
383
384
385
387
388
388
388
388
389
389
391
391
392
393
393
395
402
402
403
404
404
405
407
411
413
413
415
417
418
419
419
426
426
427
428
430
433
435
435
435
436
436
437
439
444
445
445
446
446
446
447
448
449
449
450
451
452
453
453
455
456
456
457
457
457
458
459
462
462
463
464
466
467
467
468
468
469
470
471
471
473
475
475
476
477
478
478
478
480
482
487
488
489
493
493
493
494
496
497
500
502
503
503
504
505
505
506
508
509
511
512
513
515
516
517
517
518
519
521
521
522
523
524
524
526
526
526
527
527
527
528
529
529
529
530
531
532
532
532
533
533
533
533
536
537
537
538
538
539
539
540
540
541
546
548
551
551
554
554
556
557
558
558
560
561
565
569
570
570
572
572
572
572
573
574
574
575
576
577
577
577
577
578
578
578
579
580
581
581
581
583
584
586
586
587
588
590
591
591
593
594
594
594
594
596
597
597
598
599
600
601
602
604
605
605
607
608
608
609
609
609
610
611
611
612
612
612
612
614
616
617
619
619
620
621
621
621
621
622
624
624
629
630
630
630
631
632
633
635
636
637
640
641
642
642
643
649
650
650
651
652
652
653
653
654
654
654
655
659
660
660
660
663
663
665
666
667
667
669
673
673
674
676
679
679
679
680
680
680
681
681
681
682
683
684
685
687
689
690
691
693
693
695
695
697
698
698
700
701
701
701
702
703
703
704
705
706
707
709
710
711
712
716
717
719
719
719
721
721
722
723
725
726
726
726
726
727
727
727
729
729
731
733
733
734
736
736
737
738
739
740
741
741
742
743
743
743
744
744
745
747
747
747
749
749
751
752
752
752
754
755
757
759
759
760
763
763
764
765
766
768
768
769
770
770
772
772
774
774
775
776
777
779
779
780
781
782
782
783
784
784
792
793
794
794
797
797
797
798
798
799
799
799
800
801
801
802
802
803
803
804
806
806
806
807
807
808
808
809
811
811
814
814
814
815
816
818
819
819
821
821
822
822
822
823
823
824
824
827
827
830
833
834
835
835
836
837
840
840
840
840
840
841
841
843
843
844
846
846
847
847
849
850
851
851
852
853
854
854
855
856
857
857
858
859
859
860
861
863
866
867
868
870
871
871
872
873
873
875
877
877
878
878
879
880
880
881
882
884
884
884
887
888
888
888
891
891
893
894
895
896
897
897
899
900
904
905
906
907
907
910
910
910
911
911
911
911
912
912
913
919
920
921
921
922
923
926
927
928
929
929
929
932
933
933
936
937
937
937
940
940
941
942
943
945
945
947
947
949
950
952
952
952
957
958
958
960
961
962
964
965
966
966
968
972
974
976
976
978
979
983
984
985
987
988
988
990
992
993
997
997
998
999
